(kicad_pcb (version 20171130) (host pcbnew 5.1.6-1.fc31)

  (general
    (thickness 1.6)
    (drawings 6)
    (tracks 52)
    (zones 0)
    (modules 12)
    (nets 14)
  )

  (page A4)
  (layers
    (0 F.Cu signal)
    (31 B.Cu signal)
    (32 B.Adhes user)
    (33 F.Adhes user)
    (34 B.Paste user)
    (35 F.Paste user)
    (36 B.SilkS user)
    (37 F.SilkS user)
    (38 B.Mask user)
    (39 F.Mask user)
    (40 Dwgs.User user)
    (41 Cmts.User user)
    (42 Eco1.User user)
    (43 Eco2.User user)
    (44 Edge.Cuts user)
    (45 Margin user)
    (46 B.CrtYd user)
    (47 F.CrtYd user)
    (48 B.Fab user)
    (49 F.Fab user)
  )

  (setup
    (last_trace_width 0.25)
    (trace_clearance 0.2)
    (zone_clearance 0.508)
    (zone_45_only no)
    (trace_min 0.2)
    (via_size 0.8)
    (via_drill 0.4)
    (via_min_size 0.4)
    (via_min_drill 0.3)
    (uvia_size 0.3)
    (uvia_drill 0.1)
    (uvias_allowed no)
    (uvia_min_size 0.2)
    (uvia_min_drill 0.1)
    (edge_width 0.05)
    (segment_width 0.2)
    (pcb_text_width 0.3)
    (pcb_text_size 1.5 1.5)
    (mod_edge_width 0.12)
    (mod_text_size 1 1)
    (mod_text_width 0.15)
    (pad_size 1.524 1.524)
    (pad_drill 0.762)
    (pad_to_mask_clearance 0.05)
    (aux_axis_origin 0 0)
    (visible_elements FFFFFF7F)
    (pcbplotparams
      (layerselection 0x010f0_ffffffff)
      (usegerberextensions false)
      (usegerberattributes false)
      (usegerberadvancedattributes true)
      (creategerberjobfile false)
      (excludeedgelayer true)
      (linewidth 0.100000)
      (plotframeref false)
      (viasonmask false)
      (mode 1)
      (useauxorigin false)
      (hpglpennumber 1)
      (hpglpenspeed 20)
      (hpglpendiameter 15.000000)
      (psnegative false)
      (psa4output false)
      (plotreference true)
      (plotvalue true)
      (plotinvisibletext false)
      (padsonsilk false)
      (subtractmaskfromsilk false)
      (outputformat 1)
      (mirror false)
      (drillshape 0)
      (scaleselection 1)
      (outputdirectory "gerbers/ctrl/"))
  )

  (net 0 "")
  (net 1 GND)
  (net 2 1V)
  (net 3 CVIN)
  (net 4 BUFFOUT)
  (net 5 OFFS1)
  (net 6 OFFS2)
  (net 7 OFFS3)
  (net 8 OFFS4)
  (net 9 OFFP1)
  (net 10 OFFP4)
  (net 11 OFFP3)
  (net 12 OFFP2)
  (net 13 "Net-(J7-PadS)")

  (net_class Default "This is the default net class."
    (clearance 0.2)
    (trace_width 0.25)
    (via_dia 0.8)
    (via_drill 0.4)
    (uvia_dia 0.3)
    (uvia_drill 0.1)
    (add_net 1V)
    (add_net BUFFOUT)
    (add_net CVIN)
    (add_net GND)
    (add_net "Net-(J7-PadS)")
    (add_net OFFP1)
    (add_net OFFP2)
    (add_net OFFP3)
    (add_net OFFP4)
    (add_net OFFS1)
    (add_net OFFS2)
    (add_net OFFS3)
    (add_net OFFS4)
  )

  (module Connector_PinSocket_2.54mm:PinSocket_1x08_P2.54mm_Vertical (layer F.Cu) (tedit 5A19A420) (tstamp 5EEBCCD2)
    (at 108 109.5 90)
    (descr "Through hole straight socket strip, 1x08, 2.54mm pitch, single row (from Kicad 4.0.7), script generated")
    (tags "Through hole socket strip THT 1x08 2.54mm single row")
    (path /5F490729)
    (fp_text reference J9 (at 0 -2.77 90) (layer F.SilkS)
      (effects (font (size 1 1) (thickness 0.15)))
    )
    (fp_text value Conn_01x08_Male (at 0 20.55 90) (layer F.Fab)
      (effects (font (size 1 1) (thickness 0.15)))
    )
    (fp_line (start -1.8 19.55) (end -1.8 -1.8) (layer F.CrtYd) (width 0.05))
    (fp_line (start 1.75 19.55) (end -1.8 19.55) (layer F.CrtYd) (width 0.05))
    (fp_line (start 1.75 -1.8) (end 1.75 19.55) (layer F.CrtYd) (width 0.05))
    (fp_line (start -1.8 -1.8) (end 1.75 -1.8) (layer F.CrtYd) (width 0.05))
    (fp_line (start 0 -1.33) (end 1.33 -1.33) (layer F.SilkS) (width 0.12))
    (fp_line (start 1.33 -1.33) (end 1.33 0) (layer F.SilkS) (width 0.12))
    (fp_line (start 1.33 1.27) (end 1.33 19.11) (layer F.SilkS) (width 0.12))
    (fp_line (start -1.33 19.11) (end 1.33 19.11) (layer F.SilkS) (width 0.12))
    (fp_line (start -1.33 1.27) (end -1.33 19.11) (layer F.SilkS) (width 0.12))
    (fp_line (start -1.33 1.27) (end 1.33 1.27) (layer F.SilkS) (width 0.12))
    (fp_line (start -1.27 19.05) (end -1.27 -1.27) (layer F.Fab) (width 0.1))
    (fp_line (start 1.27 19.05) (end -1.27 19.05) (layer F.Fab) (width 0.1))
    (fp_line (start 1.27 -0.635) (end 1.27 19.05) (layer F.Fab) (width 0.1))
    (fp_line (start 0.635 -1.27) (end 1.27 -0.635) (layer F.Fab) (width 0.1))
    (fp_line (start -1.27 -1.27) (end 0.635 -1.27) (layer F.Fab) (width 0.1))
    (fp_text user %R (at 0 8.89) (layer F.Fab)
      (effects (font (size 1 1) (thickness 0.15)))
    )
    (pad 8 thru_hole oval (at 0 17.78 90) (size 1.7 1.7) (drill 1) (layers *.Cu *.Mask)
      (net 1 GND))
    (pad 7 thru_hole oval (at 0 15.24 90) (size 1.7 1.7) (drill 1) (layers *.Cu *.Mask)
      (net 8 OFFS4))
    (pad 6 thru_hole oval (at 0 12.7 90) (size 1.7 1.7) (drill 1) (layers *.Cu *.Mask)
      (net 10 OFFP4))
    (pad 5 thru_hole oval (at 0 10.16 90) (size 1.7 1.7) (drill 1) (layers *.Cu *.Mask)
      (net 7 OFFS3))
    (pad 4 thru_hole oval (at 0 7.62 90) (size 1.7 1.7) (drill 1) (layers *.Cu *.Mask)
      (net 11 OFFP3))
    (pad 3 thru_hole oval (at 0 5.08 90) (size 1.7 1.7) (drill 1) (layers *.Cu *.Mask)
      (net 6 OFFS2))
    (pad 2 thru_hole oval (at 0 2.54 90) (size 1.7 1.7) (drill 1) (layers *.Cu *.Mask)
      (net 12 OFFP2))
    (pad 1 thru_hole rect (at 0 0 90) (size 1.7 1.7) (drill 1) (layers *.Cu *.Mask)
      (net 1 GND))
    (model ${KISYS3DMOD}/Connector_PinSocket_2.54mm.3dshapes/PinSocket_1x08_P2.54mm_Vertical.wrl
      (at (xyz 0 0 0))
      (scale (xyz 1 1 1))
      (rotate (xyz 0 0 0))
    )
  )

  (module Connector_PinSocket_2.54mm:PinSocket_1x08_P2.54mm_Vertical (layer F.Cu) (tedit 5A19A420) (tstamp 5EEBCCB6)
    (at 108 35.5 90)
    (descr "Through hole straight socket strip, 1x08, 2.54mm pitch, single row (from Kicad 4.0.7), script generated")
    (tags "Through hole socket strip THT 1x08 2.54mm single row")
    (path /5F48E6F7)
    (fp_text reference J8 (at 0 -2.77 90) (layer F.SilkS)
      (effects (font (size 1 1) (thickness 0.15)))
    )
    (fp_text value Conn_01x08_Male (at 0 20.55 90) (layer F.Fab)
      (effects (font (size 1 1) (thickness 0.15)))
    )
    (fp_line (start -1.8 19.55) (end -1.8 -1.8) (layer F.CrtYd) (width 0.05))
    (fp_line (start 1.75 19.55) (end -1.8 19.55) (layer F.CrtYd) (width 0.05))
    (fp_line (start 1.75 -1.8) (end 1.75 19.55) (layer F.CrtYd) (width 0.05))
    (fp_line (start -1.8 -1.8) (end 1.75 -1.8) (layer F.CrtYd) (width 0.05))
    (fp_line (start 0 -1.33) (end 1.33 -1.33) (layer F.SilkS) (width 0.12))
    (fp_line (start 1.33 -1.33) (end 1.33 0) (layer F.SilkS) (width 0.12))
    (fp_line (start 1.33 1.27) (end 1.33 19.11) (layer F.SilkS) (width 0.12))
    (fp_line (start -1.33 19.11) (end 1.33 19.11) (layer F.SilkS) (width 0.12))
    (fp_line (start -1.33 1.27) (end -1.33 19.11) (layer F.SilkS) (width 0.12))
    (fp_line (start -1.33 1.27) (end 1.33 1.27) (layer F.SilkS) (width 0.12))
    (fp_line (start -1.27 19.05) (end -1.27 -1.27) (layer F.Fab) (width 0.1))
    (fp_line (start 1.27 19.05) (end -1.27 19.05) (layer F.Fab) (width 0.1))
    (fp_line (start 1.27 -0.635) (end 1.27 19.05) (layer F.Fab) (width 0.1))
    (fp_line (start 0.635 -1.27) (end 1.27 -0.635) (layer F.Fab) (width 0.1))
    (fp_line (start -1.27 -1.27) (end 0.635 -1.27) (layer F.Fab) (width 0.1))
    (fp_text user %R (at 0 8.89) (layer F.Fab)
      (effects (font (size 1 1) (thickness 0.15)))
    )
    (pad 8 thru_hole oval (at 0 17.78 90) (size 1.7 1.7) (drill 1) (layers *.Cu *.Mask)
      (net 1 GND))
    (pad 7 thru_hole oval (at 0 15.24 90) (size 1.7 1.7) (drill 1) (layers *.Cu *.Mask)
      (net 1 GND))
    (pad 6 thru_hole oval (at 0 12.7 90) (size 1.7 1.7) (drill 1) (layers *.Cu *.Mask)
      (net 5 OFFS1))
    (pad 5 thru_hole oval (at 0 10.16 90) (size 1.7 1.7) (drill 1) (layers *.Cu *.Mask)
      (net 9 OFFP1))
    (pad 4 thru_hole oval (at 0 7.62 90) (size 1.7 1.7) (drill 1) (layers *.Cu *.Mask)
      (net 2 1V))
    (pad 3 thru_hole oval (at 0 5.08 90) (size 1.7 1.7) (drill 1) (layers *.Cu *.Mask)
      (net 4 BUFFOUT))
    (pad 2 thru_hole oval (at 0 2.54 90) (size 1.7 1.7) (drill 1) (layers *.Cu *.Mask)
      (net 3 CVIN))
    (pad 1 thru_hole rect (at 0 0 90) (size 1.7 1.7) (drill 1) (layers *.Cu *.Mask)
      (net 1 GND))
    (model ${KISYS3DMOD}/Connector_PinSocket_2.54mm.3dshapes/PinSocket_1x08_P2.54mm_Vertical.wrl
      (at (xyz 0 0 0))
      (scale (xyz 1 1 1))
      (rotate (xyz 0 0 0))
    )
  )

  (module Connector_Audio:Jack_3.5mm_QingPu_WQP-PJ398SM_Vertical_CircularHoles (layer F.Cu) (tedit 5C2B6BB2) (tstamp 5EEC94C4)
    (at 113.25 23 270)
    (descr "TRS 3.5mm, vertical, Thonkiconn, PCB mount, (http://www.qingpu-electronics.com/en/products/WQP-PJ398SM-362.html)")
    (tags "WQP-PJ398SM WQP-PJ301M-12 TRS 3.5mm mono vertical jack thonkiconn qingpu")
    (path /5F137B6A)
    (fp_text reference J1 (at -4.03 1.08 270) (layer F.SilkS)
      (effects (font (size 1 1) (thickness 0.15)))
    )
    (fp_text value CV_IN (at 0 5 270) (layer F.Fab)
      (effects (font (size 1 1) (thickness 0.15)))
    )
    (fp_line (start 0 0) (end 0 2.03) (layer F.Fab) (width 0.1))
    (fp_circle (center 0 6.48) (end 1.8 6.48) (layer F.Fab) (width 0.1))
    (fp_line (start 4.5 2.03) (end -4.5 2.03) (layer F.Fab) (width 0.1))
    (fp_line (start 5 -1.42) (end -5 -1.42) (layer F.CrtYd) (width 0.05))
    (fp_line (start 5 12.98) (end -5 12.98) (layer F.CrtYd) (width 0.05))
    (fp_line (start 5 12.98) (end 5 -1.42) (layer F.CrtYd) (width 0.05))
    (fp_line (start 4.5 12.48) (end -4.5 12.48) (layer F.Fab) (width 0.1))
    (fp_line (start 4.5 12.48) (end 4.5 2.08) (layer F.Fab) (width 0.1))
    (fp_line (start -1.06 -1) (end -0.2 -1) (layer F.SilkS) (width 0.12))
    (fp_line (start -1.06 -1) (end -1.06 -0.2) (layer F.SilkS) (width 0.12))
    (fp_circle (center 0 6.48) (end 1.8 6.48) (layer F.SilkS) (width 0.12))
    (fp_line (start -0.35 1.98) (end -4.5 1.98) (layer F.SilkS) (width 0.12))
    (fp_line (start 4.5 1.98) (end 0.35 1.98) (layer F.SilkS) (width 0.12))
    (fp_line (start -0.5 12.48) (end -4.5 12.48) (layer F.SilkS) (width 0.12))
    (fp_line (start 4.5 12.48) (end 0.5 12.48) (layer F.SilkS) (width 0.12))
    (fp_line (start -1.41 6.02) (end -0.46 5.07) (layer Dwgs.User) (width 0.12))
    (fp_line (start -1.42 6.875) (end 0.4 5.06) (layer Dwgs.User) (width 0.12))
    (fp_line (start -1.07 7.49) (end 1.01 5.41) (layer Dwgs.User) (width 0.12))
    (fp_line (start -0.58 7.83) (end 1.36 5.89) (layer Dwgs.User) (width 0.12))
    (fp_line (start 0.09 7.96) (end 1.48 6.57) (layer Dwgs.User) (width 0.12))
    (fp_circle (center 0 6.48) (end 1.5 6.48) (layer Dwgs.User) (width 0.12))
    (fp_line (start 4.5 1.98) (end 4.5 12.48) (layer F.SilkS) (width 0.12))
    (fp_line (start -4.5 1.98) (end -4.5 12.48) (layer F.SilkS) (width 0.12))
    (fp_line (start -4.5 12.48) (end -4.5 2.08) (layer F.Fab) (width 0.1))
    (fp_line (start -5 12.98) (end -5 -1.42) (layer F.CrtYd) (width 0.05))
    (fp_text user %R (at 0 8 270) (layer F.Fab)
      (effects (font (size 1 1) (thickness 0.15)))
    )
    (fp_text user KEEPOUT (at 0 6.48 90) (layer Cmts.User)
      (effects (font (size 0.4 0.4) (thickness 0.051)))
    )
    (pad T thru_hole circle (at 0 11.4 90) (size 2.13 2.13) (drill 1.43) (layers *.Cu *.Mask)
      (net 3 CVIN))
    (pad S thru_hole rect (at 0 0 90) (size 1.93 1.83) (drill 1.22) (layers *.Cu *.Mask)
      (net 1 GND))
    (pad TN thru_hole circle (at 0 3.1 90) (size 2.13 2.13) (drill 1.42) (layers *.Cu *.Mask))
    (model ${KISYS3DMOD}/Connector_Audio.3dshapes/Jack_3.5mm_QingPu_WQP-PJ398SM_Vertical.wrl
      (at (xyz 0 0 0))
      (scale (xyz 1 1 1))
      (rotate (xyz 0 0 0))
    )
  )

  (module Connector_Audio:Jack_3.5mm_QingPu_WQP-PJ398SM_Vertical_CircularHoles (layer F.Cu) (tedit 5C2B6BB2) (tstamp 5EEA8510)
    (at 132 23 270)
    (descr "TRS 3.5mm, vertical, Thonkiconn, PCB mount, (http://www.qingpu-electronics.com/en/products/WQP-PJ398SM-362.html)")
    (tags "WQP-PJ398SM WQP-PJ301M-12 TRS 3.5mm mono vertical jack thonkiconn qingpu")
    (path /5F144492)
    (fp_text reference J3 (at -4.03 1.08 270) (layer F.SilkS)
      (effects (font (size 1 1) (thickness 0.15)))
    )
    (fp_text value BUFFERED_OUT (at 0 5 270) (layer F.Fab)
      (effects (font (size 1 1) (thickness 0.15)))
    )
    (fp_line (start -5 12.98) (end -5 -1.42) (layer F.CrtYd) (width 0.05))
    (fp_line (start -4.5 12.48) (end -4.5 2.08) (layer F.Fab) (width 0.1))
    (fp_line (start -4.5 1.98) (end -4.5 12.48) (layer F.SilkS) (width 0.12))
    (fp_line (start 4.5 1.98) (end 4.5 12.48) (layer F.SilkS) (width 0.12))
    (fp_circle (center 0 6.48) (end 1.5 6.48) (layer Dwgs.User) (width 0.12))
    (fp_line (start 0.09 7.96) (end 1.48 6.57) (layer Dwgs.User) (width 0.12))
    (fp_line (start -0.58 7.83) (end 1.36 5.89) (layer Dwgs.User) (width 0.12))
    (fp_line (start -1.07 7.49) (end 1.01 5.41) (layer Dwgs.User) (width 0.12))
    (fp_line (start -1.42 6.875) (end 0.4 5.06) (layer Dwgs.User) (width 0.12))
    (fp_line (start -1.41 6.02) (end -0.46 5.07) (layer Dwgs.User) (width 0.12))
    (fp_line (start 4.5 12.48) (end 0.5 12.48) (layer F.SilkS) (width 0.12))
    (fp_line (start -0.5 12.48) (end -4.5 12.48) (layer F.SilkS) (width 0.12))
    (fp_line (start 4.5 1.98) (end 0.35 1.98) (layer F.SilkS) (width 0.12))
    (fp_line (start -0.35 1.98) (end -4.5 1.98) (layer F.SilkS) (width 0.12))
    (fp_circle (center 0 6.48) (end 1.8 6.48) (layer F.SilkS) (width 0.12))
    (fp_line (start -1.06 -1) (end -1.06 -0.2) (layer F.SilkS) (width 0.12))
    (fp_line (start -1.06 -1) (end -0.2 -1) (layer F.SilkS) (width 0.12))
    (fp_line (start 4.5 12.48) (end 4.5 2.08) (layer F.Fab) (width 0.1))
    (fp_line (start 4.5 12.48) (end -4.5 12.48) (layer F.Fab) (width 0.1))
    (fp_line (start 5 12.98) (end 5 -1.42) (layer F.CrtYd) (width 0.05))
    (fp_line (start 5 12.98) (end -5 12.98) (layer F.CrtYd) (width 0.05))
    (fp_line (start 5 -1.42) (end -5 -1.42) (layer F.CrtYd) (width 0.05))
    (fp_line (start 4.5 2.03) (end -4.5 2.03) (layer F.Fab) (width 0.1))
    (fp_circle (center 0 6.48) (end 1.8 6.48) (layer F.Fab) (width 0.1))
    (fp_line (start 0 0) (end 0 2.03) (layer F.Fab) (width 0.1))
    (fp_text user KEEPOUT (at 0 6.48 90) (layer Cmts.User)
      (effects (font (size 0.4 0.4) (thickness 0.051)))
    )
    (fp_text user %R (at 0 8 270) (layer F.Fab)
      (effects (font (size 1 1) (thickness 0.15)))
    )
    (pad TN thru_hole circle (at 0 3.1 90) (size 2.13 2.13) (drill 1.42) (layers *.Cu *.Mask))
    (pad S thru_hole rect (at 0 0 90) (size 1.93 1.83) (drill 1.22) (layers *.Cu *.Mask)
      (net 1 GND))
    (pad T thru_hole circle (at 0 11.4 90) (size 2.13 2.13) (drill 1.43) (layers *.Cu *.Mask)
      (net 4 BUFFOUT))
    (model ${KISYS3DMOD}/Connector_Audio.3dshapes/Jack_3.5mm_QingPu_WQP-PJ398SM_Vertical.wrl
      (at (xyz 0 0 0))
      (scale (xyz 1 1 1))
      (rotate (xyz 0 0 0))
    )
  )

  (module Connector_Audio:Jack_3.5mm_QingPu_WQP-PJ398SM_Vertical_CircularHoles (layer F.Cu) (tedit 5C2B6BB2) (tstamp 5EEC9724)
    (at 113.3 47.6 270)
    (descr "TRS 3.5mm, vertical, Thonkiconn, PCB mount, (http://www.qingpu-electronics.com/en/products/WQP-PJ398SM-362.html)")
    (tags "WQP-PJ398SM WQP-PJ301M-12 TRS 3.5mm mono vertical jack thonkiconn qingpu")
    (path /5F1C2B79)
    (fp_text reference J4 (at -4.03 1.08 270) (layer F.SilkS)
      (effects (font (size 1 1) (thickness 0.15)))
    )
    (fp_text value OFFSET1 (at 0 5 270) (layer F.Fab)
      (effects (font (size 1 1) (thickness 0.15)))
    )
    (fp_line (start 0 0) (end 0 2.03) (layer F.Fab) (width 0.1))
    (fp_circle (center 0 6.48) (end 1.8 6.48) (layer F.Fab) (width 0.1))
    (fp_line (start 4.5 2.03) (end -4.5 2.03) (layer F.Fab) (width 0.1))
    (fp_line (start 5 -1.42) (end -5 -1.42) (layer F.CrtYd) (width 0.05))
    (fp_line (start 5 12.98) (end -5 12.98) (layer F.CrtYd) (width 0.05))
    (fp_line (start 5 12.98) (end 5 -1.42) (layer F.CrtYd) (width 0.05))
    (fp_line (start 4.5 12.48) (end -4.5 12.48) (layer F.Fab) (width 0.1))
    (fp_line (start 4.5 12.48) (end 4.5 2.08) (layer F.Fab) (width 0.1))
    (fp_line (start -1.06 -1) (end -0.2 -1) (layer F.SilkS) (width 0.12))
    (fp_line (start -1.06 -1) (end -1.06 -0.2) (layer F.SilkS) (width 0.12))
    (fp_circle (center 0 6.48) (end 1.8 6.48) (layer F.SilkS) (width 0.12))
    (fp_line (start -0.35 1.98) (end -4.5 1.98) (layer F.SilkS) (width 0.12))
    (fp_line (start 4.5 1.98) (end 0.35 1.98) (layer F.SilkS) (width 0.12))
    (fp_line (start -0.5 12.48) (end -4.5 12.48) (layer F.SilkS) (width 0.12))
    (fp_line (start 4.5 12.48) (end 0.5 12.48) (layer F.SilkS) (width 0.12))
    (fp_line (start -1.41 6.02) (end -0.46 5.07) (layer Dwgs.User) (width 0.12))
    (fp_line (start -1.42 6.875) (end 0.4 5.06) (layer Dwgs.User) (width 0.12))
    (fp_line (start -1.07 7.49) (end 1.01 5.41) (layer Dwgs.User) (width 0.12))
    (fp_line (start -0.58 7.83) (end 1.36 5.89) (layer Dwgs.User) (width 0.12))
    (fp_line (start 0.09 7.96) (end 1.48 6.57) (layer Dwgs.User) (width 0.12))
    (fp_circle (center 0 6.48) (end 1.5 6.48) (layer Dwgs.User) (width 0.12))
    (fp_line (start 4.5 1.98) (end 4.5 12.48) (layer F.SilkS) (width 0.12))
    (fp_line (start -4.5 1.98) (end -4.5 12.48) (layer F.SilkS) (width 0.12))
    (fp_line (start -4.5 12.48) (end -4.5 2.08) (layer F.Fab) (width 0.1))
    (fp_line (start -5 12.98) (end -5 -1.42) (layer F.CrtYd) (width 0.05))
    (fp_text user %R (at 0 8 270) (layer F.Fab)
      (effects (font (size 1 1) (thickness 0.15)))
    )
    (fp_text user KEEPOUT (at 0 6.48 90) (layer Cmts.User)
      (effects (font (size 0.4 0.4) (thickness 0.051)))
    )
    (pad T thru_hole circle (at 0 11.4 90) (size 2.13 2.13) (drill 1.43) (layers *.Cu *.Mask)
      (net 5 OFFS1))
    (pad S thru_hole rect (at 0 0 90) (size 1.93 1.83) (drill 1.22) (layers *.Cu *.Mask)
      (net 1 GND))
    (pad TN thru_hole circle (at 0 3.1 90) (size 2.13 2.13) (drill 1.42) (layers *.Cu *.Mask))
    (model ${KISYS3DMOD}/Connector_Audio.3dshapes/Jack_3.5mm_QingPu_WQP-PJ398SM_Vertical.wrl
      (at (xyz 0 0 0))
      (scale (xyz 1 1 1))
      (rotate (xyz 0 0 0))
    )
  )

  (module Connector_Audio:Jack_3.5mm_QingPu_WQP-PJ398SM_Vertical_CircularHoles (layer F.Cu) (tedit 5C2B6BB2) (tstamp 5EEC9D42)
    (at 113.284 72.7 270)
    (descr "TRS 3.5mm, vertical, Thonkiconn, PCB mount, (http://www.qingpu-electronics.com/en/products/WQP-PJ398SM-362.html)")
    (tags "WQP-PJ398SM WQP-PJ301M-12 TRS 3.5mm mono vertical jack thonkiconn qingpu")
    (path /5F1C3C4D)
    (fp_text reference J5 (at -4.03 1.08 270) (layer F.SilkS)
      (effects (font (size 1 1) (thickness 0.15)))
    )
    (fp_text value OFFSET2 (at 0 5 270) (layer F.Fab)
      (effects (font (size 1 1) (thickness 0.15)))
    )
    (fp_line (start 0 0) (end 0 2.03) (layer F.Fab) (width 0.1))
    (fp_circle (center 0 6.48) (end 1.8 6.48) (layer F.Fab) (width 0.1))
    (fp_line (start 4.5 2.03) (end -4.5 2.03) (layer F.Fab) (width 0.1))
    (fp_line (start 5 -1.42) (end -5 -1.42) (layer F.CrtYd) (width 0.05))
    (fp_line (start 5 12.98) (end -5 12.98) (layer F.CrtYd) (width 0.05))
    (fp_line (start 5 12.98) (end 5 -1.42) (layer F.CrtYd) (width 0.05))
    (fp_line (start 4.5 12.48) (end -4.5 12.48) (layer F.Fab) (width 0.1))
    (fp_line (start 4.5 12.48) (end 4.5 2.08) (layer F.Fab) (width 0.1))
    (fp_line (start -1.06 -1) (end -0.2 -1) (layer F.SilkS) (width 0.12))
    (fp_line (start -1.06 -1) (end -1.06 -0.2) (layer F.SilkS) (width 0.12))
    (fp_circle (center 0 6.48) (end 1.8 6.48) (layer F.SilkS) (width 0.12))
    (fp_line (start -0.35 1.98) (end -4.5 1.98) (layer F.SilkS) (width 0.12))
    (fp_line (start 4.5 1.98) (end 0.35 1.98) (layer F.SilkS) (width 0.12))
    (fp_line (start -0.5 12.48) (end -4.5 12.48) (layer F.SilkS) (width 0.12))
    (fp_line (start 4.5 12.48) (end 0.5 12.48) (layer F.SilkS) (width 0.12))
    (fp_line (start -1.41 6.02) (end -0.46 5.07) (layer Dwgs.User) (width 0.12))
    (fp_line (start -1.42 6.875) (end 0.4 5.06) (layer Dwgs.User) (width 0.12))
    (fp_line (start -1.07 7.49) (end 1.01 5.41) (layer Dwgs.User) (width 0.12))
    (fp_line (start -0.58 7.83) (end 1.36 5.89) (layer Dwgs.User) (width 0.12))
    (fp_line (start 0.09 7.96) (end 1.48 6.57) (layer Dwgs.User) (width 0.12))
    (fp_circle (center 0 6.48) (end 1.5 6.48) (layer Dwgs.User) (width 0.12))
    (fp_line (start 4.5 1.98) (end 4.5 12.48) (layer F.SilkS) (width 0.12))
    (fp_line (start -4.5 1.98) (end -4.5 12.48) (layer F.SilkS) (width 0.12))
    (fp_line (start -4.5 12.48) (end -4.5 2.08) (layer F.Fab) (width 0.1))
    (fp_line (start -5 12.98) (end -5 -1.42) (layer F.CrtYd) (width 0.05))
    (fp_text user %R (at 0 8 270) (layer F.Fab)
      (effects (font (size 1 1) (thickness 0.15)))
    )
    (fp_text user KEEPOUT (at 0 6.48 90) (layer Cmts.User)
      (effects (font (size 0.4 0.4) (thickness 0.051)))
    )
    (pad T thru_hole circle (at 0 11.4 90) (size 2.13 2.13) (drill 1.43) (layers *.Cu *.Mask)
      (net 6 OFFS2))
    (pad S thru_hole rect (at 0 0 90) (size 1.93 1.83) (drill 1.22) (layers *.Cu *.Mask)
      (net 1 GND))
    (pad TN thru_hole circle (at 0 3.1 90) (size 2.13 2.13) (drill 1.42) (layers *.Cu *.Mask))
    (model ${KISYS3DMOD}/Connector_Audio.3dshapes/Jack_3.5mm_QingPu_WQP-PJ398SM_Vertical.wrl
      (at (xyz 0 0 0))
      (scale (xyz 1 1 1))
      (rotate (xyz 0 0 0))
    )
  )

  (module Connector_Audio:Jack_3.5mm_QingPu_WQP-PJ398SM_Vertical_CircularHoles (layer F.Cu) (tedit 5C2B6BB2) (tstamp 5EEA90DE)
    (at 113.1 97.9 270)
    (descr "TRS 3.5mm, vertical, Thonkiconn, PCB mount, (http://www.qingpu-electronics.com/en/products/WQP-PJ398SM-362.html)")
    (tags "WQP-PJ398SM WQP-PJ301M-12 TRS 3.5mm mono vertical jack thonkiconn qingpu")
    (path /5F1C33CE)
    (fp_text reference J6 (at -4.03 1.08 270) (layer F.SilkS)
      (effects (font (size 1 1) (thickness 0.15)))
    )
    (fp_text value OFFSET3 (at 0 5 270) (layer F.Fab)
      (effects (font (size 1 1) (thickness 0.15)))
    )
    (fp_line (start -5 12.98) (end -5 -1.42) (layer F.CrtYd) (width 0.05))
    (fp_line (start -4.5 12.48) (end -4.5 2.08) (layer F.Fab) (width 0.1))
    (fp_line (start -4.5 1.98) (end -4.5 12.48) (layer F.SilkS) (width 0.12))
    (fp_line (start 4.5 1.98) (end 4.5 12.48) (layer F.SilkS) (width 0.12))
    (fp_circle (center 0 6.48) (end 1.5 6.48) (layer Dwgs.User) (width 0.12))
    (fp_line (start 0.09 7.96) (end 1.48 6.57) (layer Dwgs.User) (width 0.12))
    (fp_line (start -0.58 7.83) (end 1.36 5.89) (layer Dwgs.User) (width 0.12))
    (fp_line (start -1.07 7.49) (end 1.01 5.41) (layer Dwgs.User) (width 0.12))
    (fp_line (start -1.42 6.875) (end 0.4 5.06) (layer Dwgs.User) (width 0.12))
    (fp_line (start -1.41 6.02) (end -0.46 5.07) (layer Dwgs.User) (width 0.12))
    (fp_line (start 4.5 12.48) (end 0.5 12.48) (layer F.SilkS) (width 0.12))
    (fp_line (start -0.5 12.48) (end -4.5 12.48) (layer F.SilkS) (width 0.12))
    (fp_line (start 4.5 1.98) (end 0.35 1.98) (layer F.SilkS) (width 0.12))
    (fp_line (start -0.35 1.98) (end -4.5 1.98) (layer F.SilkS) (width 0.12))
    (fp_circle (center 0 6.48) (end 1.8 6.48) (layer F.SilkS) (width 0.12))
    (fp_line (start -1.06 -1) (end -1.06 -0.2) (layer F.SilkS) (width 0.12))
    (fp_line (start -1.06 -1) (end -0.2 -1) (layer F.SilkS) (width 0.12))
    (fp_line (start 4.5 12.48) (end 4.5 2.08) (layer F.Fab) (width 0.1))
    (fp_line (start 4.5 12.48) (end -4.5 12.48) (layer F.Fab) (width 0.1))
    (fp_line (start 5 12.98) (end 5 -1.42) (layer F.CrtYd) (width 0.05))
    (fp_line (start 5 12.98) (end -5 12.98) (layer F.CrtYd) (width 0.05))
    (fp_line (start 5 -1.42) (end -5 -1.42) (layer F.CrtYd) (width 0.05))
    (fp_line (start 4.5 2.03) (end -4.5 2.03) (layer F.Fab) (width 0.1))
    (fp_circle (center 0 6.48) (end 1.8 6.48) (layer F.Fab) (width 0.1))
    (fp_line (start 0 0) (end 0 2.03) (layer F.Fab) (width 0.1))
    (fp_text user KEEPOUT (at 0 6.48 90) (layer Cmts.User)
      (effects (font (size 0.4 0.4) (thickness 0.051)))
    )
    (fp_text user %R (at 0 8 270) (layer F.Fab)
      (effects (font (size 1 1) (thickness 0.15)))
    )
    (pad TN thru_hole circle (at 0 3.1 90) (size 2.13 2.13) (drill 1.42) (layers *.Cu *.Mask))
    (pad S thru_hole rect (at 0 0 90) (size 1.93 1.83) (drill 1.22) (layers *.Cu *.Mask)
      (net 1 GND))
    (pad T thru_hole circle (at 0 11.4 90) (size 2.13 2.13) (drill 1.43) (layers *.Cu *.Mask)
      (net 7 OFFS3))
    (model ${KISYS3DMOD}/Connector_Audio.3dshapes/Jack_3.5mm_QingPu_WQP-PJ398SM_Vertical.wrl
      (at (xyz 0 0 0))
      (scale (xyz 1 1 1))
      (rotate (xyz 0 0 0))
    )
  )

  (module Connector_Audio:Jack_3.5mm_QingPu_WQP-PJ398SM_Vertical_CircularHoles (layer F.Cu) (tedit 5C2B6BB2) (tstamp 5EEA91C7)
    (at 113.1 122.7 270)
    (descr "TRS 3.5mm, vertical, Thonkiconn, PCB mount, (http://www.qingpu-electronics.com/en/products/WQP-PJ398SM-362.html)")
    (tags "WQP-PJ398SM WQP-PJ301M-12 TRS 3.5mm mono vertical jack thonkiconn qingpu")
    (path /5F275C56)
    (fp_text reference J7 (at -4.03 1.08 270) (layer F.SilkS)
      (effects (font (size 1 1) (thickness 0.15)))
    )
    (fp_text value OFFSET4 (at 0 5 270) (layer F.Fab)
      (effects (font (size 1 1) (thickness 0.15)))
    )
    (fp_line (start -5 12.98) (end -5 -1.42) (layer F.CrtYd) (width 0.05))
    (fp_line (start -4.5 12.48) (end -4.5 2.08) (layer F.Fab) (width 0.1))
    (fp_line (start -4.5 1.98) (end -4.5 12.48) (layer F.SilkS) (width 0.12))
    (fp_line (start 4.5 1.98) (end 4.5 12.48) (layer F.SilkS) (width 0.12))
    (fp_circle (center 0 6.48) (end 1.5 6.48) (layer Dwgs.User) (width 0.12))
    (fp_line (start 0.09 7.96) (end 1.48 6.57) (layer Dwgs.User) (width 0.12))
    (fp_line (start -0.58 7.83) (end 1.36 5.89) (layer Dwgs.User) (width 0.12))
    (fp_line (start -1.07 7.49) (end 1.01 5.41) (layer Dwgs.User) (width 0.12))
    (fp_line (start -1.42 6.875) (end 0.4 5.06) (layer Dwgs.User) (width 0.12))
    (fp_line (start -1.41 6.02) (end -0.46 5.07) (layer Dwgs.User) (width 0.12))
    (fp_line (start 4.5 12.48) (end 0.5 12.48) (layer F.SilkS) (width 0.12))
    (fp_line (start -0.5 12.48) (end -4.5 12.48) (layer F.SilkS) (width 0.12))
    (fp_line (start 4.5 1.98) (end 0.35 1.98) (layer F.SilkS) (width 0.12))
    (fp_line (start -0.35 1.98) (end -4.5 1.98) (layer F.SilkS) (width 0.12))
    (fp_circle (center 0 6.48) (end 1.8 6.48) (layer F.SilkS) (width 0.12))
    (fp_line (start -1.06 -1) (end -1.06 -0.2) (layer F.SilkS) (width 0.12))
    (fp_line (start -1.06 -1) (end -0.2 -1) (layer F.SilkS) (width 0.12))
    (fp_line (start 4.5 12.48) (end 4.5 2.08) (layer F.Fab) (width 0.1))
    (fp_line (start 4.5 12.48) (end -4.5 12.48) (layer F.Fab) (width 0.1))
    (fp_line (start 5 12.98) (end 5 -1.42) (layer F.CrtYd) (width 0.05))
    (fp_line (start 5 12.98) (end -5 12.98) (layer F.CrtYd) (width 0.05))
    (fp_line (start 5 -1.42) (end -5 -1.42) (layer F.CrtYd) (width 0.05))
    (fp_line (start 4.5 2.03) (end -4.5 2.03) (layer F.Fab) (width 0.1))
    (fp_circle (center 0 6.48) (end 1.8 6.48) (layer F.Fab) (width 0.1))
    (fp_line (start 0 0) (end 0 2.03) (layer F.Fab) (width 0.1))
    (fp_text user KEEPOUT (at 0 6.48 90) (layer Cmts.User)
      (effects (font (size 0.4 0.4) (thickness 0.051)))
    )
    (fp_text user %R (at 0 8 270) (layer F.Fab)
      (effects (font (size 1 1) (thickness 0.15)))
    )
    (pad TN thru_hole circle (at 0 3.1 90) (size 2.13 2.13) (drill 1.42) (layers *.Cu *.Mask))
    (pad S thru_hole rect (at 0 0 90) (size 1.93 1.83) (drill 1.22) (layers *.Cu *.Mask)
      (net 13 "Net-(J7-PadS)"))
    (pad T thru_hole circle (at 0 11.4 90) (size 2.13 2.13) (drill 1.43) (layers *.Cu *.Mask)
      (net 8 OFFS4))
    (model ${KISYS3DMOD}/Connector_Audio.3dshapes/Jack_3.5mm_QingPu_WQP-PJ398SM_Vertical.wrl
      (at (xyz 0 0 0))
      (scale (xyz 1 1 1))
      (rotate (xyz 0 0 0))
    )
  )

  (module Potentiometer_THT:Potentiometer_Alpha_RD901F-40-00D_Single_Vertical (layer F.Cu) (tedit 5C6C6C14) (tstamp 5EEA945F)
    (at 119.3 45.2)
    (descr "Potentiometer, vertical, 9mm, single, http://www.taiwanalpha.com.tw/downloads?target=products&id=113")
    (tags "potentiometer vertical 9mm single")
    (path /5F1C037A)
    (fp_text reference RV2 (at 6.71 -4.64 180) (layer F.SilkS)
      (effects (font (size 1 1) (thickness 0.15)))
    )
    (fp_text value 100K (at 0 9.86 180) (layer F.Fab)
      (effects (font (size 1 1) (thickness 0.15)))
    )
    (fp_line (start -1.15 8.91) (end 12.6 8.91) (layer F.CrtYd) (width 0.05))
    (fp_line (start -1.15 -3.91) (end -1.15 8.91) (layer F.CrtYd) (width 0.05))
    (fp_line (start 12.6 -3.91) (end -1.15 -3.91) (layer F.CrtYd) (width 0.05))
    (fp_line (start 12.6 8.91) (end 12.6 -3.91) (layer F.CrtYd) (width 0.05))
    (fp_line (start 12.47 7.37) (end 12.47 -2.37) (layer F.SilkS) (width 0.12))
    (fp_line (start 0.88 7.37) (end 0.88 5.88) (layer F.SilkS) (width 0.12))
    (fp_line (start 9.41 7.37) (end 12.47 7.37) (layer F.SilkS) (width 0.12))
    (fp_line (start 0.88 -2.38) (end 5.6 -2.38) (layer F.SilkS) (width 0.12))
    (fp_circle (center 7.5 2.5) (end 7.5 -1) (layer F.Fab) (width 0.1))
    (fp_line (start 1 7.25) (end 1 -2.25) (layer F.Fab) (width 0.1))
    (fp_line (start 12.35 7.25) (end 12.35 -2.25) (layer F.Fab) (width 0.1))
    (fp_line (start 1 -2.25) (end 12.35 -2.25) (layer F.Fab) (width 0.1))
    (fp_line (start 1 7.25) (end 12.35 7.25) (layer F.Fab) (width 0.1))
    (fp_line (start 9.41 -2.37) (end 12.47 -2.37) (layer F.SilkS) (width 0.12))
    (fp_line (start 0.88 7.37) (end 5.6 7.37) (layer F.SilkS) (width 0.12))
    (fp_line (start 0.88 -1.19) (end 0.88 -2.37) (layer F.SilkS) (width 0.12))
    (fp_line (start 0.88 1.71) (end 0.88 1.18) (layer F.SilkS) (width 0.12))
    (fp_line (start 0.88 4.16) (end 0.88 3.33) (layer F.SilkS) (width 0.12))
    (fp_text user %R (at 7.62 2.54) (layer F.Fab)
      (effects (font (size 1 1) (thickness 0.15)))
    )
    (pad 1 thru_hole rect (at 0 0 90) (size 1.8 1.8) (drill 1) (layers *.Cu *.Mask)
      (net 1 GND))
    (pad 2 thru_hole circle (at 0 2.5 90) (size 1.8 1.8) (drill 1) (layers *.Cu *.Mask)
      (net 9 OFFP1))
    (pad 3 thru_hole circle (at 0 5 90) (size 1.8 1.8) (drill 1) (layers *.Cu *.Mask)
      (net 2 1V))
    (pad "" thru_hole oval (at 7.5 7.3 90) (size 2.72 3.24) (drill oval 1.1 1.8) (layers *.Cu *.Mask))
    (pad "" thru_hole oval (at 7.5 -2.3 90) (size 2.72 3.24) (drill oval 1.1 1.8) (layers *.Cu *.Mask))
    (model ${KISYS3DMOD}/Potentiometer_THT.3dshapes/Potentiometer_Alpha_RD901F-40-00D_Single_Vertical.wrl
      (at (xyz 0 0 0))
      (scale (xyz 1 1 1))
      (rotate (xyz 0 0 0))
    )
  )

  (module Potentiometer_THT:Potentiometer_Alpha_RD901F-40-00D_Single_Vertical (layer F.Cu) (tedit 5C6C6C14) (tstamp 5EEA940E)
    (at 119.6 69.9)
    (descr "Potentiometer, vertical, 9mm, single, http://www.taiwanalpha.com.tw/downloads?target=products&id=113")
    (tags "potentiometer vertical 9mm single")
    (path /5F1C13EA)
    (fp_text reference RV3 (at 6.71 -4.64 180) (layer F.SilkS)
      (effects (font (size 1 1) (thickness 0.15)))
    )
    (fp_text value 100K (at 0 9.86 180) (layer F.Fab)
      (effects (font (size 1 1) (thickness 0.15)))
    )
    (fp_line (start -1.15 8.91) (end 12.6 8.91) (layer F.CrtYd) (width 0.05))
    (fp_line (start -1.15 -3.91) (end -1.15 8.91) (layer F.CrtYd) (width 0.05))
    (fp_line (start 12.6 -3.91) (end -1.15 -3.91) (layer F.CrtYd) (width 0.05))
    (fp_line (start 12.6 8.91) (end 12.6 -3.91) (layer F.CrtYd) (width 0.05))
    (fp_line (start 12.47 7.37) (end 12.47 -2.37) (layer F.SilkS) (width 0.12))
    (fp_line (start 0.88 7.37) (end 0.88 5.88) (layer F.SilkS) (width 0.12))
    (fp_line (start 9.41 7.37) (end 12.47 7.37) (layer F.SilkS) (width 0.12))
    (fp_line (start 0.88 -2.38) (end 5.6 -2.38) (layer F.SilkS) (width 0.12))
    (fp_circle (center 7.5 2.5) (end 7.5 -1) (layer F.Fab) (width 0.1))
    (fp_line (start 1 7.25) (end 1 -2.25) (layer F.Fab) (width 0.1))
    (fp_line (start 12.35 7.25) (end 12.35 -2.25) (layer F.Fab) (width 0.1))
    (fp_line (start 1 -2.25) (end 12.35 -2.25) (layer F.Fab) (width 0.1))
    (fp_line (start 1 7.25) (end 12.35 7.25) (layer F.Fab) (width 0.1))
    (fp_line (start 9.41 -2.37) (end 12.47 -2.37) (layer F.SilkS) (width 0.12))
    (fp_line (start 0.88 7.37) (end 5.6 7.37) (layer F.SilkS) (width 0.12))
    (fp_line (start 0.88 -1.19) (end 0.88 -2.37) (layer F.SilkS) (width 0.12))
    (fp_line (start 0.88 1.71) (end 0.88 1.18) (layer F.SilkS) (width 0.12))
    (fp_line (start 0.88 4.16) (end 0.88 3.33) (layer F.SilkS) (width 0.12))
    (fp_text user %R (at 7.62 2.54) (layer F.Fab)
      (effects (font (size 1 1) (thickness 0.15)))
    )
    (pad 1 thru_hole rect (at 0 0 90) (size 1.8 1.8) (drill 1) (layers *.Cu *.Mask)
      (net 1 GND))
    (pad 2 thru_hole circle (at 0 2.5 90) (size 1.8 1.8) (drill 1) (layers *.Cu *.Mask)
      (net 12 OFFP2))
    (pad 3 thru_hole circle (at 0 5 90) (size 1.8 1.8) (drill 1) (layers *.Cu *.Mask)
      (net 2 1V))
    (pad "" thru_hole oval (at 7.5 7.3 90) (size 2.72 3.24) (drill oval 1.1 1.8) (layers *.Cu *.Mask))
    (pad "" thru_hole oval (at 7.5 -2.3 90) (size 2.72 3.24) (drill oval 1.1 1.8) (layers *.Cu *.Mask))
    (model ${KISYS3DMOD}/Potentiometer_THT.3dshapes/Potentiometer_Alpha_RD901F-40-00D_Single_Vertical.wrl
      (at (xyz 0 0 0))
      (scale (xyz 1 1 1))
      (rotate (xyz 0 0 0))
    )
  )

  (module Potentiometer_THT:Potentiometer_Alpha_RD901F-40-00D_Single_Vertical (layer F.Cu) (tedit 5C6C6C14) (tstamp 5EEA93BD)
    (at 119.4 94.6)
    (descr "Potentiometer, vertical, 9mm, single, http://www.taiwanalpha.com.tw/downloads?target=products&id=113")
    (tags "potentiometer vertical 9mm single")
    (path /5F397950)
    (fp_text reference RV4 (at 6.71 -4.64 180) (layer F.SilkS)
      (effects (font (size 1 1) (thickness 0.15)))
    )
    (fp_text value 100K (at 0 9.86 180) (layer F.Fab)
      (effects (font (size 1 1) (thickness 0.15)))
    )
    (fp_line (start 0.88 4.16) (end 0.88 3.33) (layer F.SilkS) (width 0.12))
    (fp_line (start 0.88 1.71) (end 0.88 1.18) (layer F.SilkS) (width 0.12))
    (fp_line (start 0.88 -1.19) (end 0.88 -2.37) (layer F.SilkS) (width 0.12))
    (fp_line (start 0.88 7.37) (end 5.6 7.37) (layer F.SilkS) (width 0.12))
    (fp_line (start 9.41 -2.37) (end 12.47 -2.37) (layer F.SilkS) (width 0.12))
    (fp_line (start 1 7.25) (end 12.35 7.25) (layer F.Fab) (width 0.1))
    (fp_line (start 1 -2.25) (end 12.35 -2.25) (layer F.Fab) (width 0.1))
    (fp_line (start 12.35 7.25) (end 12.35 -2.25) (layer F.Fab) (width 0.1))
    (fp_line (start 1 7.25) (end 1 -2.25) (layer F.Fab) (width 0.1))
    (fp_circle (center 7.5 2.5) (end 7.5 -1) (layer F.Fab) (width 0.1))
    (fp_line (start 0.88 -2.38) (end 5.6 -2.38) (layer F.SilkS) (width 0.12))
    (fp_line (start 9.41 7.37) (end 12.47 7.37) (layer F.SilkS) (width 0.12))
    (fp_line (start 0.88 7.37) (end 0.88 5.88) (layer F.SilkS) (width 0.12))
    (fp_line (start 12.47 7.37) (end 12.47 -2.37) (layer F.SilkS) (width 0.12))
    (fp_line (start 12.6 8.91) (end 12.6 -3.91) (layer F.CrtYd) (width 0.05))
    (fp_line (start 12.6 -3.91) (end -1.15 -3.91) (layer F.CrtYd) (width 0.05))
    (fp_line (start -1.15 -3.91) (end -1.15 8.91) (layer F.CrtYd) (width 0.05))
    (fp_line (start -1.15 8.91) (end 12.6 8.91) (layer F.CrtYd) (width 0.05))
    (fp_text user %R (at 7.62 2.54) (layer F.Fab)
      (effects (font (size 1 1) (thickness 0.15)))
    )
    (pad "" thru_hole oval (at 7.5 -2.3 90) (size 2.72 3.24) (drill oval 1.1 1.8) (layers *.Cu *.Mask))
    (pad "" thru_hole oval (at 7.5 7.3 90) (size 2.72 3.24) (drill oval 1.1 1.8) (layers *.Cu *.Mask))
    (pad 3 thru_hole circle (at 0 5 90) (size 1.8 1.8) (drill 1) (layers *.Cu *.Mask)
      (net 2 1V))
    (pad 2 thru_hole circle (at 0 2.5 90) (size 1.8 1.8) (drill 1) (layers *.Cu *.Mask)
      (net 10 OFFP4))
    (pad 1 thru_hole rect (at 0 0 90) (size 1.8 1.8) (drill 1) (layers *.Cu *.Mask)
      (net 1 GND))
    (model ${KISYS3DMOD}/Potentiometer_THT.3dshapes/Potentiometer_Alpha_RD901F-40-00D_Single_Vertical.wrl
      (at (xyz 0 0 0))
      (scale (xyz 1 1 1))
      (rotate (xyz 0 0 0))
    )
  )

  (module Potentiometer_THT:Potentiometer_Alpha_RD901F-40-00D_Single_Vertical (layer F.Cu) (tedit 5C6C6C14) (tstamp 5EEA94B0)
    (at 119.2 119.8)
    (descr "Potentiometer, vertical, 9mm, single, http://www.taiwanalpha.com.tw/downloads?target=products&id=113")
    (tags "potentiometer vertical 9mm single")
    (path /5F1C0D0F)
    (fp_text reference RV5 (at 6.71 -4.64 180) (layer F.SilkS)
      (effects (font (size 1 1) (thickness 0.15)))
    )
    (fp_text value 100K (at 0 9.86 180) (layer F.Fab)
      (effects (font (size 1 1) (thickness 0.15)))
    )
    (fp_line (start 0.88 4.16) (end 0.88 3.33) (layer F.SilkS) (width 0.12))
    (fp_line (start 0.88 1.71) (end 0.88 1.18) (layer F.SilkS) (width 0.12))
    (fp_line (start 0.88 -1.19) (end 0.88 -2.37) (layer F.SilkS) (width 0.12))
    (fp_line (start 0.88 7.37) (end 5.6 7.37) (layer F.SilkS) (width 0.12))
    (fp_line (start 9.41 -2.37) (end 12.47 -2.37) (layer F.SilkS) (width 0.12))
    (fp_line (start 1 7.25) (end 12.35 7.25) (layer F.Fab) (width 0.1))
    (fp_line (start 1 -2.25) (end 12.35 -2.25) (layer F.Fab) (width 0.1))
    (fp_line (start 12.35 7.25) (end 12.35 -2.25) (layer F.Fab) (width 0.1))
    (fp_line (start 1 7.25) (end 1 -2.25) (layer F.Fab) (width 0.1))
    (fp_circle (center 7.5 2.5) (end 7.5 -1) (layer F.Fab) (width 0.1))
    (fp_line (start 0.88 -2.38) (end 5.6 -2.38) (layer F.SilkS) (width 0.12))
    (fp_line (start 9.41 7.37) (end 12.47 7.37) (layer F.SilkS) (width 0.12))
    (fp_line (start 0.88 7.37) (end 0.88 5.88) (layer F.SilkS) (width 0.12))
    (fp_line (start 12.47 7.37) (end 12.47 -2.37) (layer F.SilkS) (width 0.12))
    (fp_line (start 12.6 8.91) (end 12.6 -3.91) (layer F.CrtYd) (width 0.05))
    (fp_line (start 12.6 -3.91) (end -1.15 -3.91) (layer F.CrtYd) (width 0.05))
    (fp_line (start -1.15 -3.91) (end -1.15 8.91) (layer F.CrtYd) (width 0.05))
    (fp_line (start -1.15 8.91) (end 12.6 8.91) (layer F.CrtYd) (width 0.05))
    (fp_text user %R (at 7.62 2.54) (layer F.Fab)
      (effects (font (size 1 1) (thickness 0.15)))
    )
    (pad "" thru_hole oval (at 7.5 -2.3 90) (size 2.72 3.24) (drill oval 1.1 1.8) (layers *.Cu *.Mask))
    (pad "" thru_hole oval (at 7.5 7.3 90) (size 2.72 3.24) (drill oval 1.1 1.8) (layers *.Cu *.Mask))
    (pad 3 thru_hole circle (at 0 5 90) (size 1.8 1.8) (drill 1) (layers *.Cu *.Mask)
      (net 2 1V))
    (pad 2 thru_hole circle (at 0 2.5 90) (size 1.8 1.8) (drill 1) (layers *.Cu *.Mask)
      (net 11 OFFP3))
    (pad 1 thru_hole rect (at 0 0 90) (size 1.8 1.8) (drill 1) (layers *.Cu *.Mask)
      (net 1 GND))
    (model ${KISYS3DMOD}/Potentiometer_THT.3dshapes/Potentiometer_Alpha_RD901F-40-00D_Single_Vertical.wrl
      (at (xyz 0 0 0))
      (scale (xyz 1 1 1))
      (rotate (xyz 0 0 0))
    )
  )

  (gr_line (start 99.695 17.78) (end 99.695 128.905) (layer Edge.Cuts) (width 0.05) (tstamp 5EEC9CFE))
  (gr_line (start 133.35 17.78) (end 99.695 17.78) (layer Edge.Cuts) (width 0.05))
  (gr_line (start 133.35 128.905) (end 133.35 17.78) (layer Edge.Cuts) (width 0.05))
  (gr_line (start 99.695 128.905) (end 133.35 128.905) (layer Edge.Cuts) (width 0.05))
  (gr_text "Graham V1" (at 107.5 86.92) (layer F.SilkS)
    (effects (font (size 1.5 1.5) (thickness 0.3)))
  )
  (gr_text ChordArrayUI (at 107.75 84.67) (layer F.SilkS)
    (effects (font (size 1.5 1.5) (thickness 0.3)))
  )

  (segment (start 116.984999 36.864999) (end 116.984999 38.244999) (width 0.25) (layer F.Cu) (net 2))
  (segment (start 115.62 35.5) (end 116.984999 36.864999) (width 0.25) (layer F.Cu) (net 2))
  (segment (start 122.042963 124.8) (end 119.2 124.8) (width 0.25) (layer F.Cu) (net 2))
  (segment (start 130.175 116.667963) (end 122.042963 124.8) (width 0.25) (layer F.Cu) (net 2))
